-1.0 -0.0
-0.9748743718593 -0.0
-0.94974874371859 -0.0
-0.92462311557789 -0.0
-0.89949748743719 -0.0
-0.87437185929648 -0.0
-0.84924623115578 -0.0
-0.82412060301508 -0.0
-0.79899497487437 -0.0
-0.77386934673367 -0.0
-0.74874371859296 -0.0
-0.72361809045226 -0.0
-0.69849246231156 -0.0
-0.67336683417085 -0.0
-0.64824120603015 -0.0
-0.62311557788945 -0.0
-0.59798994974874 -0.0
-0.57286432160804 -0.0
-0.54773869346734 -0.0
-0.52261306532663 -0.0
-0.49748743718593 -0.0
-0.47236180904523 -0.0
-0.44723618090452 -0.0
-0.42211055276382 -0.0
-0.39698492462312 -0.0
-0.37185929648241 -0.0
-0.34673366834171 -0.0
-0.321608040201 -0.0
-0.2964824120603 -0.0
-0.2713567839196 -0.0
-0.24623115577889 -0.0
-0.22110552763819 -0.0
-0.19597989949749 -0.0
-0.17085427135678 -0.0
-0.14572864321608 -0.0
-0.12060301507538 -0.0
-0.095477386934673 -0.0
-0.07035175879397 -0.0
-0.045226130653266 -0.0
-0.020100502512563 -0.0
0.0050251256281408 -0.0018695337786239
0.030150753768844 0.013822686470463
0.055276381909548 0.029269120448939
0.080402010050251 0.044473617891888
0.10552763819095 0.05943996823623
0.13065326633166 0.074171901565173
0.15577889447236 0.08867308953786
0.18090452261307 0.10294714630447
0.20603015075377 0.11699762940696
0.23115577889447 0.13082804066576
0.25628140703518 0.14444182705245
0.28140703517588 0.15784238154897
0.30653266331658 0.17103304399315
0.33165829145729 0.18401710191116
0.35678391959799 0.19679779133686
0.38190954773869 0.20937829761831
0.4070351758794 0.22176175621166
0.4321608040201 0.23395125346259
0.4572864321608 0.24594982737557
0.48241206030151 0.25776046837097
0.50753768844221 0.26938612003039
0.53266331658291 0.28082967983032
0.55778894472362 0.29209399986423
0.58291457286432 0.30318188755345
0.60804020100503 0.31409610634681
0.63316582914573 0.32483937640945
0.65829145728643 0.3354143753007
0.68341708542714 0.34582373864148
0.70854271356784 0.35607006077112
0.73366834170854 0.36615589539397
0.75879396984925 0.37608375621587
0.78391959798995 0.38585611757067
0.80904522613065 0.39547541503684
0.83417085427136 0.40494404604456
0.85929648241206 0.41426437047321
0.88442211055276 0.42343871123953
0.90954773869347 0.43246935487653
0.93467336683417 0.44135855210343
0.95979899497487 0.45010851838657
0.98492462311558 0.45872143449155
1.0100502512563 0.46719944702681
1.035175879397 0.47554466897857
1.0603015075377 0.48375918023749
1.0854271356784 0.49184502811704
1.1105527638191 0.49980422786372
1.1356783919598 0.50763876315936
1.1608040201005 0.51535058661553
1.1859296482412 0.52294162026014
1.2110552763819 0.5304137560165
1.2361809045226 0.53776885617484
1.2613065326633 0.54500875385646
1.286432160804 0.5521352534706
1.3115577889447 0.55915013116414
1.3366834170854 0.56605513526428
1.3618090452261 0.5728519867143
1.3869346733668 0.57954237950243
1.4120603015075 0.58612798108408
1.4371859296482 0.59261043279739
1.4623115577889 0.59899135027236
1.4874371859296 0.60527232383344
1.5125628140704 0.61145491889595
1.5376884422111 0.61754067635619
1.5628140703518 0.62353111297552
1.5879396984925 0.62942772175834
1.6130653266332 0.63523197232422
1.6381909547739 0.64094531127417
1.6633165829146 0.6465691625512
1.6884422110553 0.65210492779515
1.713567839196 0.65755398669209
1.7386934673367 0.66291769731815
1.7638190954774 0.66819739647798
1.7889447236181 0.67339440003797
1.8140703517588 0.67851000325414
1.8391959798995 0.68354548109504
1.8643216080402 0.68850208855944
1.8894472361809 0.69338106098913
1.9145728643216 0.69818361437685
1.9396984924623 0.7029109456693
1.964824120603 0.70756423306548
1.9899497487437 0.71214463631034
2.0150753768844 0.71665329698381
2.0402010050251 0.72109133878534
2.0653266331658 0.72545986781391
2.0904522613065 0.72975997284379
2.1155778894472 0.73399272559579
2.1407035175879 0.73815918100448
2.1658291457286 0.74226037748101
2.1909547738693 0.74629733717199
2.2160804020101 0.7502710662142
2.2412060301508 0.75418255498535
2.2663316582915 0.75803277835095
2.2914572864322 0.76182269590724
2.3165829145729 0.76555325222036
2.3417085427136 0.76922537706177
2.3668341708543 0.77283998563998
2.391959798995 0.77639797882865
2.4170854271357 0.77990024339111
2.4422110552764 0.78334765220137
2.4673366834171 0.78674106446166
2.4924623115578 0.7900813259166
2.5175879396985 0.79336926906393
2.5427135678392 0.79660571336207
2.5678391959799 0.79979146543429
2.5929648241206 0.80292731926978
2.6180904522613 0.8060140564215
2.643216080402 0.80905244620104
2.6683417085427 0.81204324587027
2.6934673366834 0.81498720083013
2.7185929648241 0.81788504480641
2.7437185929648 0.82073750003256
2.7688442211055 0.82354527742977
2.7939698492462 0.82630907678408
2.8190954773869 0.82902958692086
2.8442211055276 0.83170748587642
2.8693467336683 0.83434344106705
2.894472361809 0.83693810945534
2.9195979899497 0.83949213771389
2.9447236180905 0.84200616238655
2.9698492462312 0.84448081004699
2.9949748743719 0.8469166974549
3.0201005025126 0.84931443170971
3.0452261306533 0.8516746104019
3.070351758794 0.85399782176189
3.0954773869347 0.85628464480672
3.1206030150754 0.85853564948431
3.1457286432161 0.86075139681551
3.1708542713568 0.86293243903396
3.1959798994975 0.86507931972368
3.2211055276382 0.86719257395456
3.2462311557789 0.86927272841575
3.2713567839196 0.87132030154688
3.2964824120603 0.8733358036673
3.321608040201 0.87531973710325
3.3467336683417 0.87727259631309
3.3718592964824 0.87919486801047
3.3969849246231 0.88108703128571
3.4221105527638 0.88294955772516
3.4472361809045 0.88478291152872
3.4723618090452 0.88658754962559
3.4974874371859 0.88836392178809
3.5226130653266 0.8901124707438
3.5477386934673 0.89183363228588
3.572864321608 0.89352783538168
3.5979899497487 0.89519550227967
3.6231155778894 0.89683704861467
3.6482412060302 0.89845288351143
3.6733668341709 0.90004340968662
3.6984924623116 0.90160902354916
3.7236180904523 0.90315011529907
3.748743718593 0.90466706902467
3.7738693467337 0.90616026279832
3.7989949748744 0.9076300687707
3.8241206030151 0.90907685326346
3.8492462311558 0.91050097686062
3.8743718592965 0.91190279449838
3.8994974874372 0.91328265555358
3.9246231155779 0.91464090393083
3.9497487437186 0.91597787814815
3.9748743718593 0.91729391142139
4.0 0.91858933174725
