-1.0 0.0
-0.9748743718593 0.0
-0.94974874371859 0.0
-0.92462311557789 0.0
-0.89949748743719 0.0
-0.87437185929648 0.0
-0.84924623115578 0.0
-0.82412060301508 0.0
-0.79899497487437 0.0
-0.77386934673367 0.0
-0.74874371859296 0.0
-0.72361809045226 0.0
-0.69849246231156 0.0
-0.67336683417085 0.0
-0.64824120603015 0.0
-0.62311557788945 0.0
-0.59798994974874 0.0
-0.57286432160804 0.0
-0.54773869346734 0.0
-0.52261306532663 0.0
-0.49748743718593 0.0
-0.47236180904523 0.0
-0.44723618090452 0.0
-0.42211055276382 0.0
-0.39698492462312 0.0
-0.37185929648241 0.0
-0.34673366834171 0.0
-0.321608040201 0.0
-0.2964824120603 0.0
-0.2713567839196 0.0
-0.24623115577889 0.0
-0.22110552763819 0.0
-0.19597989949749 0.0
-0.17085427135678 0.0
-0.14572864321608 0.0
-0.12060301507538 0.0
-0.095477386934673 0.0
-0.07035175879397 0.0
-0.045226130653266 0.0
-0.020100502512563 0.0
0.0050251256281408 0.012599048624893
0.030150753768844 0.049156007570245
0.055276381909548 0.1080122957424
0.080402010050251 0.18701167660503
0.10552763819095 0.28356916658233
0.13065326633166 0.39474834238658
0.15577889447236 0.51734487502787
0.18090452261307 0.64797403329391
0.20603015075377 0.78315987288077
0.23115577889447 0.91942385792263
0.25628140703518 1.0533707468511
0.28140703517588 1.1817697104845
0.30653266331658 1.301628832048
0.33165829145729 1.4102613605233
0.35678391959799 1.5053423435923
0.38190954773869 1.5849545471404
0.4070351758794 1.6476228670801
0.4321608040201 1.6923367482007
0.4572864321608 1.7185604359105
0.48241206030151 1.7262311923578
0.50753768844221 1.715745901145
0.53266331658291 1.6879367578632
0.55778894472362 1.6440369908651
0.58291457286432 1.5856377727807
0.60804020100503 1.5146376639165
0.63316582914573 1.4331860705215
0.65829145728643 1.3436223016933
0.68341708542714 1.2484118672288
0.70854271356784 1.1500816749011
0.73366834170854 1.0511557604001
0.75879396984925 0.954093118439
0.78391959798995 0.86122910215155
0.80904522613065 0.77472172353944
0.83417085427136 0.69650402473358
0.85929648241206 0.62824350313348
0.88442211055276 0.57130936843698
0.90954773869347 0.52674819180817
0.93467336683417 0.49526828272661
0.95979899497487 0.47723290317769
0.98492462311558 0.47266220739197
1.0100502512563 0.4812435836423
1.035175879397 0.5023498775758
1.0603015075377 0.53506479858985
1.0854271356784 0.57821465564505
1.1105527638191 0.63040543974748
1.1356783919598 0.69006416949421
1.1608040201005 0.7554833451517
1.1859296482412 0.82486731653195
1.2110552763819 0.8963793604661
1.2361809045226 0.96818828421331
1.2613065326633 1.0385134202286
1.286432160804 1.1056669532353
1.3115577889447 1.1680926198062
1.3366834170854 1.2243999404572
1.3618090452261 1.2733932809913
1.3869346733668 1.3140951895905
1.4120603015075 1.3457636148396
1.4371859296482 1.3679027732748
1.4623115577889 1.380267599003
1.4874371859296 1.3828618683826
1.5125628140704 1.375930245829
1.5376884422111 1.3599446389846
1.5628140703518 1.3355853795957
1.5879396984925 1.3037178577593
1.6130653266332 1.2653653295279
1.6381909547739 1.2216786895023
1.6633165829146 1.1739040499012
1.6884422110553 1.1233489951195
1.713567839196 1.0713483860046
1.7386934673367 1.0192305715728
1.7638190954774 0.96828482873794
1.7889447236181 0.91973079441428
1.8140703517588 0.87469058106281
1.8391959798995 0.83416417872619
1.8643216080402 0.79900864648199
1.8894472361809 0.76992148688248
1.9145728643216 0.74742848133608
1.9396984924623 0.73187614556842
1.964824120603 0.7234288453111
1.9899497487437 0.72207049614604
2.0150753768844 0.72761066076007
2.0402010050251 0.73969475429443
2.0653266331658 0.75781797628032
2.0904522613065 0.78134250778092
2.1155778894472 0.80951744639395
2.1407035175879 0.84150090089366
2.1658291457286 0.87638363228645
2.1909547738693 0.91321360928136
2.2160804020101 0.95102084358645
2.2412060301508 0.98884188358624
2.2663316582915 1.0257433730142
2.2914572864322 1.060844123043
2.3165829145729 1.0933352003081
2.3417085427136 1.1224975980385
2.3668341708543 1.1477171307549
2.391959798995 1.1684962728438
2.4170854271357 1.1844627455301
2.4422110552764 1.1953747431593
2.4673366834171 1.2011227760361
2.4924623115578 1.2017281912511
2.5175879396985 1.1973385129223
2.5427135678392 1.1882198172707
2.5678391959799 1.1747464242825
2.5929648241206 1.1573882449994
2.6180904522613 1.1366961705993
2.643216080402 1.1132859255294
2.6683417085427 1.0878208315046
2.6934673366834 1.0609939419315
2.7185929648241 1.0335100073318
2.7437185929648 1.0060677219571
2.7688442211055 0.97934268063033
2.7939698492462 0.95397144377414
2.8190954773869 0.93053706868317
2.8442211055276 0.90955641761526
2.8693467336683 0.89146949963903
2.894472361809 0.87663104489192
2.9195979899497 0.86530444856085
2.9447236180905 0.85765815910699
2.9698492462312 0.85376452261038
2.9949748743719 0.85360103415046
3.0201005025126 0.85705388931591
3.0452261306533 0.86392367557745
3.070351758794 0.87393299553704
3.0954773869347 0.88673577298417
3.1206030150754 0.90192795904892
3.1457286432161 0.91905933013664
3.1708542713568 0.93764605213829
3.1959798994975 0.9571836767918
3.2211055276382 0.97716023596536
3.2462311557789 0.99706910777649
3.2713567839196 1.01642134439
3.2964824120603 1.0347571744148
3.321608040201 1.0516564222478
3.3467336683417 1.0667476215686
3.3718592964824 1.0797156394378
3.3969849246231 1.0903076699875
3.4221105527638 1.0983375013659
3.4472361809045 1.1036880052319
3.4723618090452 1.106311843544
3.4974874371859 1.1062304315252
3.5226130653266 1.103531237472
3.5477386934673 1.0983635385527
3.572864321608 1.0909327860617
3.5979899497487 1.0814937630469
3.6231155778894 1.0703427412411
3.6482412060302 1.0578088623689
3.6733668341709 1.0442449809295
3.6984924623116 1.0300182113438
3.7236180904523 1.0155004219765
3.748743718593 1.0010589121924
3.7738693467337 0.98704749663125
3.7989949748744 0.973798203758
3.8241206030151 0.96161377405254
3.8492462311558 0.95076111762336
3.8743718592965 0.94146586231501
3.8994974874372 0.93390809234052
3.9246231155779 0.92821934494345
3.9497487437186 0.92448089943013
3.9748743718593 0.92272335994951
4.0 0.92292750144195
