10 0.0504408
10.2341 0.0516432
10.4737 0.0528753
10.7189 0.054138
10.9699 0.055432
11.2267 0.0567583
11.4895 0.0581177
11.7585 0.0595111
12.0338 0.0609395
12.3155 0.062404
12.6038 0.0639055
12.8989 0.0654451
13.2009 0.067024
13.5099 0.0686432
13.8262 0.070304
14.1499 0.0720076
14.4812 0.0737554
14.8202 0.0755486
15.1672 0.0773887
15.5223 0.0792771
15.8857 0.0812154
16.2576 0.0832051
16.6382 0.0852479
17.0277 0.0873456
17.4263 0.0894999
17.8343 0.0917128
18.2518 0.0939862
18.6791 0.0963222
19.1164 0.098723
19.564 0.101191
20.022 0.103728
20.4907 0.106338
20.9705 0.109022
21.4614 0.111783
21.9639 0.114625
22.4781 0.11755
23.0043 0.120563
23.5429 0.123665
24.094 0.126861
24.6581 0.130156
25.2354 0.133552
25.8262 0.137054
26.4308 0.140667
27.0496 0.144396
27.6829 0.148246
28.331 0.152222
28.9942 0.156331
29.673 0.160579
30.3677 0.164972
31.0787 0.169518
31.8063 0.174224
32.5509 0.1791
33.3129 0.184152
34.0929 0.189393
34.891 0.19483
35.7079 0.200476
36.5438 0.206343
37.3994 0.212443
38.2749 0.21879
39.171 0.2254
40.0881 0.232288
41.0266 0.239472
41.9871 0.246971
42.97 0.254807
43.976 0.263001
45.0056 0.271579
46.0592 0.280567
47.1375 0.289995
48.2411 0.299895
49.3705 0.310302
50.5263 0.321253
51.7092 0.332792
52.9198 0.344964
54.1587 0.357819
55.4266 0.371411
56.7243 0.385801
58.0523 0.401053
59.4113 0.417237
60.8022 0.434429
62.2257 0.452712
63.6825 0.47217
65.1734 0.492894
66.6992 0.514976
68.2607 0.538509
69.8588 0.563579
71.4943 0.590264
73.1681 0.618619
74.881 0.648668
76.6341 0.680384
78.4282 0.713664
80.2643 0.748304
82.1434 0.783958
84.0665 0.820103
86.0346 0.855997
88.0488 0.890659
90.1102 0.922869
92.2198 0.95122
94.3788 0.974225
96.5883 0.990494
98.8496 0.998931
101.164 0.998931
103.532 0.990494
105.956 0.974225
108.437 0.95122
110.975 0.922869
113.573 0.890659
116.232 0.855997
118.953 0.820103
121.738 0.783958
124.588 0.748304
127.505 0.713664
130.49 0.680384
133.545 0.648668
136.672 0.618619
139.871 0.590264
143.146 0.563579
146.497 0.538509
149.927 0.514976
153.437 0.492894
157.029 0.47217
160.705 0.452712
164.468 0.434429
168.318 0.417237
172.259 0.401053
176.291 0.385801
180.419 0.371411
184.642 0.357819
188.965 0.344964
193.389 0.332792
197.917 0.321253
202.55 0.310302
207.292 0.299895
212.145 0.289995
217.112 0.280567
222.195 0.271579
227.397 0.263001
232.72 0.254807
238.169 0.246971
243.744 0.239472
249.451 0.232288
255.291 0.2254
261.268 0.21879
267.384 0.212443
273.644 0.206343
280.05 0.200476
286.607 0.19483
293.317 0.189393
300.184 0.184152
307.211 0.1791
314.404 0.174224
321.764 0.169518
329.297 0.164972
337.006 0.160579
344.896 0.156331
352.971 0.152222
361.234 0.148246
369.691 0.144396
378.346 0.140667
387.204 0.137054
396.269 0.133552
405.546 0.130156
415.04 0.126861
424.757 0.123665
434.701 0.120563
444.878 0.11755
455.294 0.114625
465.953 0.111783
476.861 0.109022
488.025 0.106338
499.451 0.103728
511.143 0.101191
523.11 0.098723
535.357 0.0963222
547.89 0.0939862
560.717 0.0917128
573.844 0.0894999
587.279 0.0873456
601.028 0.0852479
615.099 0.0832051
629.499 0.0812154
644.236 0.0792771
659.319 0.0773887
674.754 0.0755486
690.551 0.0737554
706.718 0.0720076
723.263 0.070304
740.196 0.0686432
757.525 0.067024
775.26 0.0654451
793.41 0.0639055
811.984 0.062404
830.994 0.0609395
850.449 0.0595111
870.359 0.0581177
890.735 0.0567583
911.589 0.055432
932.93 0.054138
954.772 0.0528753
977.124 0.0516432
1000 0.0504408
