-1.0 0.0
-0.9748743718593 0.0
-0.94974874371859 0.0
-0.92462311557789 0.0
-0.89949748743719 0.0
-0.87437185929648 0.0
-0.84924623115578 0.0
-0.82412060301508 0.0
-0.79899497487437 0.0
-0.77386934673367 0.0
-0.74874371859296 0.0
-0.72361809045226 0.0
-0.69849246231156 0.0
-0.67336683417085 0.0
-0.64824120603015 0.0
-0.62311557788945 0.0
-0.59798994974874 0.0
-0.57286432160804 0.0
-0.54773869346734 0.0
-0.52261306532663 0.0
-0.49748743718593 0.0
-0.47236180904523 0.0
-0.44723618090452 0.0
-0.42211055276382 0.0
-0.39698492462312 0.0
-0.37185929648241 0.0
-0.34673366834171 0.0
-0.321608040201 0.0
-0.2964824120603 0.0
-0.2713567839196 0.0
-0.24623115577889 0.0
-0.22110552763819 0.0
-0.19597989949749 0.0
-0.17085427135678 0.0
-0.14572864321608 0.0
-0.12060301507538 0.0
-0.095477386934673 0.0
-0.07035175879397 0.0
-0.045226130653266 0.0
-0.020100502512563 0.0
0.0050251256281408 2.0018695337786
0.030150753768844 1.9861773135295
0.055276381909548 1.9707308795511
0.080402010050251 1.9555263821081
0.10552763819095 1.9405600317638
0.13065326633166 1.9258280984348
0.15577889447236 1.9113269104621
0.18090452261307 1.8970528536955
0.20603015075377 1.883002370593
0.23115577889447 1.8691719593342
0.25628140703518 1.8555581729475
0.28140703517588 1.842157618451
0.30653266331658 1.8289669560069
0.33165829145729 1.8159828980888
0.35678391959799 1.8032022086631
0.38190954773869 1.7906217023817
0.4070351758794 1.7782382437883
0.4321608040201 1.7660487465374
0.4572864321608 1.7540501726244
0.48241206030151 1.742239531629
0.50753768844221 1.7306138799696
0.53266331658291 1.7191703201697
0.55778894472362 1.7079060001358
0.58291457286432 1.6968181124466
0.60804020100503 1.6859038936532
0.63316582914573 1.6751606235906
0.65829145728643 1.6645856246993
0.68341708542714 1.6541762613585
0.70854271356784 1.6439299392289
0.73366834170854 1.633844104606
0.75879396984925 1.6239162437841
0.78391959798995 1.6141438824293
0.80904522613065 1.6045245849632
0.83417085427136 1.5950559539554
0.85929648241206 1.5857356295268
0.88442211055276 1.5765612887605
0.90954773869347 1.5675306451235
0.93467336683417 1.5586414478966
0.95979899497487 1.5498914816134
0.98492462311558 1.5412785655084
1.0100502512563 1.5328005529732
1.035175879397 1.5244553310214
1.0603015075377 1.5162408197625
1.0854271356784 1.508154971883
1.1105527638191 1.5001957721363
1.1356783919598 1.4923612368406
1.1608040201005 1.4846494133845
1.1859296482412 1.4770583797399
1.2110552763819 1.4695862439835
1.2361809045226 1.4622311438252
1.2613065326633 1.4549912461435
1.286432160804 1.4478647465294
1.3115577889447 1.4408498688359
1.3366834170854 1.4339448647357
1.3618090452261 1.4271480132857
1.3869346733668 1.4204576204976
1.4120603015075 1.4138720189159
1.4371859296482 1.4073895672026
1.4623115577889 1.4010086497276
1.4874371859296 1.3947276761666
1.5125628140704 1.3885450811041
1.5376884422111 1.3824593236438
1.5628140703518 1.3764688870245
1.5879396984925 1.3705722782417
1.6130653266332 1.3647680276758
1.6381909547739 1.3590546887258
1.6633165829146 1.3534308374488
1.6884422110553 1.3478950722048
1.713567839196 1.3424460133079
1.7386934673367 1.3370823026819
1.7638190954774 1.331802603522
1.7889447236181 1.326605599962
1.8140703517588 1.3214899967459
1.8391959798995 1.316454518905
1.8643216080402 1.3114979114406
1.8894472361809 1.3066189390109
1.9145728643216 1.3018163856232
1.9396984924623 1.2970890543307
1.964824120603 1.2924357669345
1.9899497487437 1.2878553636897
2.0150753768844 1.2833467030162
2.0402010050251 1.2789086612147
2.0653266331658 1.2745401321861
2.0904522613065 1.2702400271562
2.1155778894472 1.2660072744042
2.1407035175879 1.2618408189955
2.1658291457286 1.257739622519
2.1909547738693 1.253702662828
2.2160804020101 1.2497289337858
2.2412060301508 1.2458174450146
2.2663316582915 1.241967221649
2.2914572864322 1.2381773040928
2.3165829145729 1.2344467477796
2.3417085427136 1.2307746229382
2.3668341708543 1.22716001436
2.391959798995 1.2236020211713
2.4170854271357 1.2200997566089
2.4422110552764 1.2166523477986
2.4673366834171 1.2132589355383
2.4924623115578 1.2099186740834
2.5175879396985 1.2066307309361
2.5427135678392 1.2033942866379
2.5678391959799 1.2002085345657
2.5929648241206 1.1970726807302
2.6180904522613 1.1939859435785
2.643216080402 1.190947553799
2.6683417085427 1.1879567541297
2.6934673366834 1.1850127991699
2.7185929648241 1.1821149551936
2.7437185929648 1.1792624999674
2.7688442211055 1.1764547225702
2.7939698492462 1.1736909232159
2.8190954773869 1.1709704130791
2.8442211055276 1.1682925141236
2.8693467336683 1.165656558933
2.894472361809 1.1630618905447
2.9195979899497 1.1605078622861
2.9447236180905 1.1579938376134
2.9698492462312 1.155519189953
2.9949748743719 1.1530833025451
3.0201005025126 1.1506855682903
3.0452261306533 1.1483253895981
3.070351758794 1.1460021782381
3.0954773869347 1.1437153551933
3.1206030150754 1.1414643505157
3.1457286432161 1.1392486031845
3.1708542713568 1.137067560966
3.1959798994975 1.1349206802763
3.2211055276382 1.1328074260454
3.2462311557789 1.1307272715842
3.2713567839196 1.1286796984531
3.2964824120603 1.1266641963327
3.321608040201 1.1246802628967
3.3467336683417 1.1227274036869
3.3718592964824 1.1208051319895
3.3969849246231 1.1189129687143
3.4221105527638 1.1170504422748
3.4472361809045 1.1152170884713
3.4723618090452 1.1134124503744
3.4974874371859 1.1116360782119
3.5226130653266 1.1098875292562
3.5477386934673 1.1081663677141
3.572864321608 1.1064721646183
3.5979899497487 1.1048044977203
3.6231155778894 1.1031629513853
3.6482412060302 1.1015471164886
3.6733668341709 1.0999565903134
3.6984924623116 1.0983909764508
3.7236180904523 1.0968498847009
3.748743718593 1.0953329309753
3.7738693467337 1.0938397372017
3.7989949748744 1.0923699312293
3.8241206030151 1.0909231467365
3.8492462311558 1.0894990231394
3.8743718592965 1.0880972055016
3.8994974874372 1.0867173444464
3.9246231155779 1.0853590960692
3.9497487437186 1.0840221218518
3.9748743718593 1.0827060885786
4.0 1.0814106682528
